1.764052345967664026e+00
4.001572083672232938e-01
9.787379841057392005e-01
2.240893199201457797e+00
1.867557990149967484e+00
-9.772778798764110153e-01
9.500884175255893682e-01
-1.513572082976978872e-01
-1.032188517935578448e-01
4.105985019383723289e-01
1.440435711608779867e-01
1.454273506962975082e+00
7.610377251469934157e-01
1.216750164928284139e-01
4.438632327454256621e-01
3.336743273742668325e-01
1.494079073157606130e+00
-2.051582637658008745e-01
3.130677016509013644e-01
-8.540957393017247767e-01
-2.552989815834078691e+00
6.536185954403606058e-01
8.644361988595057333e-01
-7.421650204064419443e-01
2.269754623987607633e+00
-1.454365674598764757e+00
4.575851730144606805e-02
-1.871838500258335980e-01
1.532779214358457542e+00
1.469358769900285022e+00
1.549474256969163022e-01
3.781625196021735635e-01
-8.877857476301127537e-01
-1.980796468223926965e+00
-3.479121493261526088e-01
1.563489691039800511e-01
1.230290680727720742e+00
1.202379848784411287e+00
-3.873268174079522730e-01
-3.023027505753355659e-01
-1.048552965067092613e+00
-1.420017937178975176e+00
-1.706270190625012617e+00
1.950775395231789666e+00
-5.096521817516534991e-01
-4.380743016111863786e-01
-1.252795360049926199e+00
7.774903558319100627e-01
-1.613897847557951515e+00
-2.127402802139687077e-01
-8.954665611936756253e-01
3.869024978592620068e-01
-5.108051375688730245e-01
-1.180632184122412109e+00
-2.818222833865486818e-02
4.283318705304176577e-01
6.651722238316788716e-02
3.024718977397813924e-01
-6.343220936809635946e-01
-3.627411659871381255e-01
-6.724604477759510424e-01
-3.595531615405412884e-01
-8.131462820444540496e-01
-1.726282602331676852e+00
1.774261422537528332e-01
-4.017809362082618851e-01
-1.630198346966044598e+00
4.627822555257741777e-01
-9.072983643832421841e-01
5.194539579613895175e-02
7.290905621775368717e-01
1.289829107574106681e-01
1.139400684543300679e+00
-1.234825820353652626e+00
4.023416411775490031e-01
-6.848100909403131986e-01
-8.707971491818817800e-01
-5.788496647644154613e-01
-3.115525321273726611e-01
5.616534222974543800e-02
-1.165149840783356483e+00
9.008264869541871001e-01
4.656624397304598428e-01
-1.536243686277223741e+00
1.488252193795599698e+00
1.895889176030583156e+00
1.178779571159650708e+00
-1.799248358123509139e-01
-1.070752621510542513e+00
1.054451726931136646e+00
-4.031769469731796285e-01
1.222445070382427446e+00
2.082749780768602954e-01
9.766390364837127525e-01
3.563663971744018832e-01
7.065731681919481533e-01
1.050002072082047849e-02
1.785870493905835188e+00
1.269120927036199165e-01
4.019893634447016528e-01
3.883150697056254153e+00
6.522409388575536315e-01
7.295150015142664035e-01
2.969396708158011045e+00
8.268765948858400883e-01
3.943621185649292649e+00
1.586381019240252765e+00
1.252545188559242240e+00
3.922942026480384925e+00
3.480514791434424104e+00
3.867558960426570103e+00
2.906044658275385384e+00
1.138774314945297572e+00
3.910064953099033680e+00
1.731996629048619507e+00
2.802456395796395050e+00
2.947251967773747872e+00
1.844989906909165756e+00
2.614079370346080289e+00
2.922206671566526914e+00
2.376425531155629489e+00
9.005992094158055128e-01
2.298238174206055806e+00
3.326385896687030552e+00
1.305432140268634633e+00
1.850365459672329127e+00
1.564846448278362612e+00
3.849263728479341840e+00
2.672294757012435351e+00
2.407461836241110653e+00
1.230083925554683599e+00
2.539249191291817365e+00
1.325667339342623929e+00
2.031830558274350995e+00
1.364153921621118926e+00
2.676433294946499508e+00
2.576590816614940938e+00
1.791701244422005068e+00
2.396006712661645111e+00
9.069384912694942180e-01
5.087424072943944608e-01
2.439391701264536749e+00
2.166673495372529068e+00
2.635031436892106171e+00
4.383144774863941606e+00
2.944479486990413619e+00
1.087177774555841303e+00
3.117016288095852961e+00
6.840925894884788416e-01
1.538415395185291024e+00
1.931758394675368695e+00
3.713342721649366851e+00
1.255245177951560098e+00
1.173561461340985712e+00
1.901547475574567603e+00
1.336521713637892628e+00
3.126635922106506982e+00
9.200684916365766686e-01
8.525313475888975923e-01
1.562179955255565966e+00
1.501967549307695160e+00
3.929532053816985560e+00
2.949420806925760807e+00
2.087551241385190881e+00
7.745644811698320087e-01
2.844362976401547005e+00
9.997846526104352538e-01
4.552289032223884035e-01
3.188029792352301772e+00
2.316942611924849516e+00
2.920858823780819069e+00
2.318727652943021411e+00
2.856830611902691164e+00
1.348974406699853024e+00
9.657571582155353163e-01
2.681594518281626982e+00
1.196590335826158924e+00
1.310450222249799346e+00
1.544467496482656799e+00
2.017479159025056923e+00
1.646006088746515994e+00
6.250487065819811949e-01
1.356381597167109376e+00
-2.234031522244266377e-01
2.625231451027187468e+00
3.979423443932523785e-01
8.956166605715494278e-01
2.052165079260974245e+00
1.260437003608686712e+00
3.543014595406735801e+00
7.071430902765514226e-01
2.267050869349183095e+00
1.960717181772504425e+00
8.319065022588025826e-01
2.523276660531753812e+00
1.828453668777751950e+00
2.771790551213667353e+00
2.823504153963731333e+00
4.163235949280689852e+00
3.336527949436391971e+00
4.630818162057556364e+00
4.760620822424074028e+00
6.099659595887112928e+00
5.655263730722597693e+00
5.640131526097592385e+00
3.383043955689165827e+00
4.975673875601064111e+00
4.261969090794311299e+00
5.279924599043238409e+00
4.901849610357041698e+00
5.910178908092591499e+00
5.317218215191301667e+00
5.786327962108976486e+00
4.533580903264057049e+00
4.055553744081749734e+00
4.589950306797451418e+00
4.982979586138559291e+00
5.379151735555081970e+00
7.259308950690852136e+00
4.957742848339357522e+00
4.044054999507222803e+00
4.654018224300613404e+00
4.536404025353905745e+00
5.481481473773461843e+00
3.459202985555375420e+00
5.063261994200331628e+00
5.156506537965375614e+00
5.232181036200275415e+00
4.402683931034637510e+00
4.762078270263993218e+00
3.575939091017468208e+00
4.506680116637806321e+00
4.457138523983282141e+00
5.416050046261425166e+00
3.843817568178087285e+00
5.781198101709993153e+00
6.494484544491369249e+00
2.930014974986467458e+00
5.426258730778100947e+00
5.676908035030245436e+00
4.362562974447770969e+00
4.602728185671201899e+00
4.867119422413044738e+00
4.702209120598271674e+00
4.690987030952877390e+00
3.323996193670023303e+00
6.152331564783120044e+00
6.079618592036821312e+00
4.186635740795797034e+00
3.533575672197486028e+00
