1.432758527009068805e+00 -5.799892959308516893e-01
9.504173764736115748e-01 3.296032126528936623e-01
1.658541943087452397e+00 -5.344673659294442158e-01
-1.048941595056528953e-01 6.286932697683781379e-01
-1.547494528191778185e-01 -8.639981996084690197e-01
6.754614277336687955e-01 1.231215374648860550e+00
4.357860230262833867e-01 -1.565227101168334745e+00
-7.892125768826893095e-01 -4.837666580316279386e-01
-7.228599706426367399e-01 4.361907510678313948e-01
-1.809141937991701754e-01 -3.761876433367319361e-01
-3.823642113528550879e-01 -1.692841504722270463e+00
3.927293750423768368e-03 1.091161870206182716e+00
8.292171678244090183e-01 -8.241952398707738103e-01
6.010712638256034968e-01 7.378855484466902981e-01
1.231969844645284029e+00 -6.656702694158634914e-01
3.765198995165575102e-01 1.528724623601917243e-01
-5.217152288028118479e-01 -8.991676357538357367e-01
1.001620831919056487e+00 1.008901330676919228e+00
6.819157088479786966e-01 -2.305884678960893053e-01
2.713010419371638671e-01 -1.470613632298707785e+00
-4.800496778657866170e-01 -5.770530690377009275e-01
6.240027268017618312e-01 2.082874884727285436e-01
5.942471867854651757e-01 -3.429051319170318135e-01
-3.293182632330813875e-01 -1.727172963004346418e+00
-8.240102514223824892e-01 3.637635189751518006e-01
-2.005584974910292959e-02 -5.913448076478386439e-02
-1.407499897919081144e+00 -8.004326411496659466e-01
-4.606371005609061209e-01 -3.243376822476226051e-01
-3.711588014754189091e-01 -1.990739393330174523e-01
-6.212876524106546450e-01 -6.951208953207012042e-01
1.749335398326163249e+00 4.373474111039833412e-01
-1.480145814904814339e+00 1.166026000413316943e+00
5.908648241961181879e-01 6.701244643438527548e-01
-8.813141944834721464e-01 -7.391404178955667259e-01
-2.980887013692394283e-01 9.438635817587974486e-02
-6.819709632994527260e-01 9.180326038442380154e-01
5.284465874319967948e-01 -1.425760553366265837e+00
4.302009042962676721e-01 4.795335974788971778e-01
3.649040834620664309e-01 7.519464680871036644e-02
-1.072401313835903425e+00 -9.851650185071217924e-01
1.089548841199789120e+00 -8.983087853019505742e-01
-9.494350012212039447e-01 -4.237729197098389911e-01
2.983648120107250667e-01 -2.114156219174707571e-02
-8.435872773753703147e-01 -4.161093859365892489e-01
-9.347313741567421230e-01 -7.635394154915490228e-01
-1.712335438232520657e+00 4.958758365409661195e-01
8.658007840808873423e-01 -3.922587353836515245e-01
-1.092340331766034955e+00 6.945473774301559600e-02
4.768090391701908515e-01 4.733946449187613759e-01
1.010054585870977073e+00 -5.874176274615809934e-01
-6.824442248582773818e-01 -1.611408617815035083e+00
6.679878641007463980e-01 1.132842087387701868e+00
1.184364615626257722e+00 7.213849187254047779e-01
-1.106628154696840616e+00 -5.676115927325271759e-02
-4.627524296737554610e-01 1.167533854189741094e+00
1.656224638976818264e+00 9.150929611166053190e-01
-3.978820062135557944e-01 9.755074276882627071e-01
8.320708479371403676e-01 -1.516115541252592624e+00
2.053522852620134065e-01 -1.065401750222837229e+00
1.142028773670770159e+00 3.832803234807984905e-01
1.069966236902750722e+00 -9.626664792734663800e-01
-6.520224735761949164e-01 1.045955495405154201e+00
2.479490516370220499e-01 -9.462776951424565208e-01
-1.523740042592561572e+00 7.652112044828772719e-01
1.345995468864937539e-01 -1.237229464943404134e+00
6.343117986143563189e-03 -1.152979764239076221e+00
2.778084045704510285e-01 3.702273584089550429e-01
-1.578480500734216196e-01 -2.030777521612015857e+00
1.476153543353692310e+00 2.546099562002265948e+00
-5.596171191009492452e-01 1.323870421295505855e-02
-6.310156772631475564e-01 -6.335768726505137671e-01
1.816705154813754941e+00 1.816976279727381960e-01
-2.207395356235709372e+00 3.716284639695162095e-01
-1.104892252401502128e+00 -4.814008595030527249e-01
4.988637159759800599e-01 2.319376462843144859e-01
-1.416660984637611920e+00 1.280017479597649777e+00
-3.200029592110211762e-01 -1.683025217720573175e-01
1.196783920623865738e+00 -3.629494054079558385e-01
-3.998714379945589870e-01 -5.306369491369007374e-01
9.613635083384522995e-01 8.086835132337797383e-01
-1.340830952247766605e+00 -7.985744874558262651e-01
-7.581425417343117257e-01 -1.114684112107718894e+00
2.343868258124545356e+00 7.221813900261012664e-01
7.397059977034934342e-01 2.656194988787587974e+00
-1.242099120895984621e+00 7.876954317487225854e-01
-3.869884156292950905e-01 5.021748027560383187e-01
-9.276659683244764532e-01 4.198520154088485334e-01
-9.355246865944399914e-02 2.270317418776077178e-01
-9.881238076587379737e-01 -8.783100521141622430e-01
1.371590530188399881e-01 -6.230763218599844055e-01
-6.709742334286579180e-01 -3.019829847540210221e-01
-7.648104946669113113e-01 1.232781413914647795e+00
2.389208339714811835e+00 1.046903742325105302e+00
1.164043873274468677e+00 6.537820569806594706e-02
-3.658389325831081229e-01 -5.630807260884342913e-01
6.900874041983849905e-01 9.327204705986558153e-01
4.913118260161000173e-01 4.642966446215127455e-03
-7.355339597973500343e-01 1.648962719087084361e+00
1.189243721196039383e+00 8.800897886079922516e-01
-5.936160868514344102e-01 1.261980562415027540e+00
-1.181032313087552188e+00 -4.743254757549610762e-02
1.270962386355440066e-01 3.774865097207056874e-01
1.884821918177092270e-01 1.126359065614623400e+00
-6.109684791473458665e-01 -5.734338168495014543e-01
4.694229092004116866e-01 1.142450723541914570e+00
-7.172121669483640105e-02 -1.000646158539497260e-01
1.345631379259895954e+00 -5.260688637957394720e-01
-2.112115165750150680e+00 2.634695298747918857e-01
-5.500810853918068899e-01 -5.978850276567003741e-01
1.816065824892389990e+00 -4.490940084878497496e-01
8.040239239029611795e-01 -6.620230822400298420e-02
1.178758292597089863e+00 -4.116503749549999536e-01
1.454857944128604696e+00 -4.523308428670125281e-01
-1.063658387714654596e+00 8.961288752813983960e-01
-1.058621518787394189e+00 2.744886413843464212e-01
9.266455863288174388e-01 7.832659902236774330e-02
5.565046701728871836e-01 -2.631961459706638751e-01
-1.413428045536204936e+00 -1.755751050165504257e+00
3.463835806773637449e-01 -2.759941856161491833e-02
1.045153895529286281e+00 3.723348656326542216e-01
-7.316137570340437435e-01 -1.725434434569008135e-01
-3.555492890930165850e-01 7.416716939076096748e-01
-1.185149037808659322e+00 -1.736698174467957712e-01
1.238844104211299785e-01 1.251811784959819818e+00
1.261145437032429317e-01 -1.006861576539941128e+00
1.546675037163911304e+00 1.002774264024675288e+00
1.326346839009870937e+00 -9.116379979590116811e-02
5.176914520601483272e-01 1.186135201487504703e-01
-1.407006332154969064e+00 -2.884820253761049003e-01
-1.093115976099696018e+00 3.099820099442849863e-01
2.503007275346085247e-01 1.650121908531353210e+00
1.215365773384996517e+00 -5.142304543883802204e-01
3.389223700583796628e-01 -4.293774535156096861e-01
1.178745464341628274e-01 -2.744170481303656928e+00
-4.061292902293620610e-01 -1.050801407670507226e+00
-3.012298745863770111e-01 -3.394020416352486746e-01
5.465546512378312016e-01 1.390129535626016377e+00
6.160913643954398777e-01 5.312107984593367194e-01
-1.225625800670024468e+00 7.141472882368806729e-01
3.103245763478758024e-01 -5.577306191502026111e-01
9.591672518744337461e-01 -1.932402471561218971e-01
8.328623248237158883e-02 7.725530348792352120e-01
3.184045596793406485e+00 -1.521373634124915775e+00
-2.215357990614605921e+00 -3.123694839398245549e-01
7.992021555903557894e-01 1.640730625500499973e-01
-5.099782644282059296e-01 5.004525406795820031e-01
-9.713123029312910051e-01 -1.051131243138916233e-02
1.043867643825987956e+00 1.793164261970548568e+00
8.480205243025643602e-01 8.418945779260559314e-01
1.280237722016789981e+00 -1.798884321075163051e+00
8.150373123958625232e-01 6.780194996601427437e-01
-7.735540977075294755e-01 -7.165335848355001147e-01
9.731719934440488107e-01 8.797886394692854273e-01
3.244109090079627666e+00 -1.099305071715851900e+00
7.765299467250914578e-01 5.464111293025367688e-01
6.086544001863185560e-01 6.313765086229775614e-01
7.495167137779633615e-01 -1.425833294065920742e-01
-2.152889643380516915e+00 -1.013641998242714309e-01
2.323935583327116916e+00 -4.846395293046732444e-01
1.293511002819643485e+00 1.145321037306276546e+00
1.500619809609506916e+00 2.154227735714117742e+00
4.077910147504951177e-01 -5.189417137479538367e-01
1.124777979060503252e+00 3.121355675699059029e-01
-1.951750598027399697e+00 -1.408227099779347569e+00
5.890148585989575247e-01 -5.341886441234082739e-01
-1.603683662390203102e+00 1.144504337840652752e+00
-2.981479521363590290e-01 -7.585903083765113131e-01
7.889155448817876115e-01 -9.540673394667714691e-01
1.560529289461748625e+00 3.114657287022296606e-01
-1.744383897761417446e+00 -1.275521603378334090e+00
5.218637392792803142e-01 9.494704811137399947e-01
-2.001208446312981781e+00 -8.768865774565812177e-02
1.051314316724646369e+00 -3.132337511714863854e-01
-3.565310053623560460e-01 -2.996941533349614618e-04
-4.111647761553076097e-01 -1.106580078996449862e-01
1.259410481964822436e-02 9.510769517599325651e-01
-1.261499393980768380e+00 -2.000545005141590060e+00
-6.716160071474956972e-01 1.878140029724506777e+00
-1.330964525197488202e+00 7.278129822745951216e-01
6.364759627585814261e-01 -6.073607777571229382e-01
5.964156509159175279e-01 8.924457797972475959e-01
1.586298546414776744e+00 -2.315320852404683868e-02
-2.060468800438825798e-01 2.964122065297715714e-01
-3.748974430629269938e-01 -3.303379561987686563e-01
1.180287858949755408e+00 -4.648925717496106280e-01
-3.319513236911121323e-01 1.601882856486778417e+00
-8.323536748510719230e-01 -4.783746903125387639e-01
1.531882348469383537e+00 -3.530781556897934492e-01
1.392051833223797885e+00 -1.270033509328811983e+00
1.460074125787300670e+00 -3.162838652182852761e-01
7.763220016349866581e-01 3.988351681090089862e-01
-5.311740554799261327e-01 1.243454860647573046e+00
-3.904958066229078928e-01 6.196714435917285435e-01
1.217012228654648531e+00 -1.285794880965378084e+00
-2.917327988929229732e-01 1.988341965936705757e-01
2.250279065966743208e-01 -9.600833007805185115e-01
-1.724538179882053046e-01 -7.128665174559932483e-02
1.489871685919650801e+00 4.344915511128413788e-01
9.308371215580364400e-01 2.063814189013082334e+00
-1.218582698392058461e+00 1.006356102425724597e+00
-9.310902021447533539e-01 -9.664556930199070806e-01
-7.520313531276634489e-01 -3.037075220633634332e-01
-1.293503289483690200e+00 1.412245434817555712e+00
-2.102605973430393238e+00 1.165041941192453301e+00
-5.361156758057313843e-01 5.962405725982647953e-01
1.998068978978787547e+00 -3.140345417798373062e-01
-7.641975887477610030e-01 1.082849877376208303e+00
5.037723186289003729e-01 1.585329450284400088e-01
-1.634331075119250798e-01 1.065880592400213711e+00
6.564571828164288414e-01 7.839404517303936171e-01
9.273965779089338168e-02 -7.465087701550583432e-01
-1.319930399107462682e+00 -2.525489390443217408e-01
1.738627183861252368e+00 -1.573259996540919969e+00
2.225233076157958845e+00 -9.273958677016206353e-01
-1.039181366817461871e+00 9.955770023091933263e-01
-1.613040069293096179e+00 -1.933901767018940676e-01
-2.493181568919653923e+00 -1.747966055303294519e+00
9.742403947723904389e-01 -1.033006365662408221e+00
1.900309859097670362e+00 -1.189806393673459528e+00
-1.448012416422294821e-02 1.246121240655205131e+00
-7.856653337278396432e-01 6.207995180588671280e-01
-9.715432725615553711e-01 6.412068941630241214e-01
-3.085982583268315760e-01 -2.351527447312571351e-01
5.981077647255259588e-01 -1.014447258977750455e+00
7.361533863143404632e-01 2.528443912843431618e-01
3.764355253552837399e-01 -1.685969614613521905e+00
1.127855380970773647e+00 -9.880215111172280240e-01
-2.873206753822378778e-01 1.088351752321752575e-01
5.225422182176182595e-01 1.249937283578620661e+00
-1.759142934232874378e+00 -8.914031192847321483e-02
1.578881493392849666e+00 -6.123525504409026432e-01
8.946957921494924637e-01 4.656111512495701987e-01
-5.010358093206997987e-01 1.165897345883593728e+00
1.654391310185151232e-01 1.402674106108406926e+00
-4.921193215522652875e-01 -9.411000459001409579e-01
7.185415986980245862e-01 -2.257153743188606843e-01
-4.808737059959390936e-01 -1.261243187249323272e+00
5.021933054198587376e-01 -5.949665456241381989e-01
7.625995568566777683e-02 1.618459536639125451e+00
-3.406012587802500491e-01 -8.964649714335419795e-01
1.054845374311804695e+00 4.834707576245548255e-01
-9.059691922105970185e-01 3.869509635920300172e-01
4.438534409512515100e-01 -5.365693398081318455e-02
-7.717489957235019737e-01 1.275126251207077122e+00
-8.430202417879086862e-01 -3.590310108722601923e-01
4.205695723527693164e-01 7.666685372555144262e-01
5.243196543799218956e-01 7.359106870014376911e-01
5.068915786694084824e-01 1.302902342061412311e+00
1.817894153940800228e+00 -1.278942053015574620e+00
2.474151359591615085e-01 6.190461768006986221e-01
2.983074995115386763e-01 -8.562521058344327307e-02
8.349835789424124854e-01 1.152298354109831058e+00
-3.608841424497242767e-01 9.222011154653222409e-01
-9.357774290263883854e-01 -2.821314479647540341e-01
-2.640965158113827149e-01 1.066985686970659403e-01
7.845803723988243883e-01 8.595676307756677792e-01
-1.542359377914842011e-01 -1.618696029236897260e+00
-3.554672771413993626e-01 5.989647204121201218e-01
-6.899687377591086079e-01 1.458577118881569490e+00
-4.866154720164357905e-01 5.618157868106927744e-01
1.960636566244042589e+00 6.140983067790382194e-02
-4.726284542418330847e-01 4.505312806793744240e-01
-2.184746904897598263e+00 3.232216583455084780e-01
2.837693668158720595e-01 9.900316713864515394e-01
-1.026163713070334271e+00 1.029514964443150937e+00
8.016497032392266853e-01 -1.924176742587596911e-01
-1.753622260024571000e+00 -1.886986088663021865e-01
2.362644043019811235e+00 -3.267757569007029295e-01
-1.260507318769187535e+00 -9.084739181547782927e-01
6.120348768361043579e-01 4.699395606472410170e-01
8.864856016534758965e-01 1.372007729443222024e+00
1.365088545215971561e+00 -7.665809108337557909e-01
-1.336232007683514800e+00 1.069205777347305819e+00
8.127998893866490437e-01 -3.789053888378404178e-01
8.047539556062714705e-02 -1.047516022561781002e+00
2.742016088092271153e-01 -4.386377940444009804e-02
-2.564970508460906462e-01 -1.188351131656373155e-01
1.176706319734530215e+00 1.599326426175922689e-01
-4.174596662810047265e-01 -5.371993619671475151e-02
1.614011743586760472e+00 4.773056733762908732e-01
-9.046191532915985878e-01 -1.321580853519845222e+00
5.445625758549342832e-01 -5.623686193887496021e-01
-1.370820116019582091e+00 -7.126603675567465546e-01
-6.394447471092751245e-01 -1.303660494081735788e+00
5.702576708019558849e-01 -1.146695441984550090e+00
-1.446229708126541003e-01 -1.584896946768764359e+00
3.047514470046714941e+00 -1.801458488877787367e+00
-4.152977732680435685e-01 3.810404020880704956e-01
1.214962324342915956e+00 -2.248957462425402731e+00
-2.413414854372514462e+00 -7.044316826326257885e-01
1.053671710150748675e+00 -9.506291451498428691e-01
-6.170423505537862147e-02 -5.635517788353806568e-01
-1.833525142421918108e+00 9.572607937959679569e-01
-1.027692022862433774e+00 -7.313572393587011167e-01
-1.812777198424843306e+00 -1.056185146847306022e+00
2.209649363241918962e+00 -7.270190464783442552e-01
2.700622491921216284e-01 7.086631840981307516e-03
3.294312897791762951e-01 2.513486888814406295e-01
-1.370756969454445251e+00 1.811461944841478156e+00
5.478311998888318879e-01 -2.459321220030499244e-01
4.575688682380059102e-01 -8.327446886112551683e-01
-6.727421158589467209e-01 -5.645020857068377973e-01
-2.168710167045101167e-01 -1.195129584056334460e-01
1.258632712075623328e+00 -5.169046105652932432e-01
-1.095934280547298800e-01 -1.492400060157958785e+00
-9.510931959593971197e-01 7.303154094697570375e-01
-9.325099690015428155e-01 -6.919051724016682670e-01
4.510752013326076171e-02 -1.635603207525075931e+00
-2.056378008713082017e-02 1.766172134429776053e+00
1.666177968015089883e+00 -7.483524152515370620e-01
-3.419925882907823289e-01 7.689207416142382345e-02
3.435600865129234682e-01 -1.017082837373610937e+00
7.428405911903381842e-01 7.195237592665598703e-01
-1.868719319229592002e-01 1.439870964272051967e+00
-4.785823212633026347e-01 -6.905402005251137787e-01
3.000539868583716463e-01 4.508135954366276343e-01
-1.355650402963846646e-01 1.502683800854834884e+00
-9.330986667379143062e-01 1.339313854844805252e-01
-5.311854364874030177e-01 -6.374979356392680430e-01
1.662358347267875125e+00 -1.078596212609117311e+00
-1.160506365752530522e+00 -3.682773276018111996e-01
3.718845474227155945e-01 -2.185604930029814430e-01
-1.015587553243946228e+00 -4.213756732600296151e-01
1.904483346598061289e+00 4.731279508534094735e-01
-6.981245872071636382e-01 -4.655274070649080831e-01
1.642437494715536239e+00 1.619891326076799531e+00
-6.079300797790229138e-01 2.493778972583756137e-01
-1.265064451361608056e+00 -1.313152927726394914e+00
3.009813224626115558e-01 1.051362165888482858e+00
1.457051202760887731e+00 8.845064537247891712e-02
-9.585857242679316492e-01 1.253881963235036423e+00
-2.470862925670258281e-01 -7.925407100660563087e-01
1.243277294821429235e+00 1.456505316734056255e+00
4.665162086459068713e-01 -8.950765871665407047e-01
4.444643189765348779e-01 2.974623124366235216e-01
1.898989042060352350e+00 -3.444512674838111077e-01
-3.644905793703798191e-01 -2.079953811998666025e-01
4.960442753432348639e-01 4.657968050319830633e-01
-1.196199176093650118e+00 -1.152944817264158317e+00
1.514595991179347179e+00 1.729636968560470445e+00
1.224788409549378621e+00 -3.425584487950633084e-01
4.995770034840014695e-01 1.087146451625638832e+00
-5.271997420109453270e-01 -1.246999901636541702e-01
-1.227885148807490667e+00 1.196388447852662962e+00
-6.110751442392126087e-01 -6.782890857807488683e-02
2.297963901692585270e-02 2.253274020904868724e+00
-4.528912180232848028e-01 -1.993748899298801447e-01
-4.190018037759921654e-01 -8.773709510838054726e-01
-8.330654401232152617e-01 -2.654733130051607493e+00
9.285509978699292288e-01 -4.690911368902039302e-01
4.272667282569836966e-01 1.191036226191692471e+00
-4.149413218735172326e-01 -1.693596503781675144e+00
-9.687032897547475097e-01 -1.313170618490480668e-01
-8.493861254472366840e-01 2.722127022677774399e-01
-9.516039118131459640e-01 -1.577474415334148672e+00
5.639495368437581480e-01 9.534365121880161720e-01
1.219459162890039305e+00 -3.935946116698376684e-01
1.230734093135142926e+00 5.909143024605658656e-01
3.287993622575516195e+00 -1.372333615640656035e+00
3.373460573904313309e-01 -3.825426447992689716e-01
3.892604045324019602e-01 1.795488246198473137e+00
6.408288415525301707e-01 7.743966541415280291e-01
-6.556612487172227555e-01 -1.208408060898285896e+00
1.097734425507171263e+00 6.538034089065742904e-01
3.314134630520648717e-01 -9.027518292787030108e-01
-1.791318542396322377e-01 -1.832198002748818055e+00
-9.657676608181562372e-01 -1.030970040253207154e+00
-4.870143446306779422e-02 3.306144180944758319e-03
-4.080247781168375720e-01 1.016146542128702590e+00
9.450854489036047967e-01 -4.616876656396020490e-02
-8.091832045456738287e-01 -1.188281096264687697e+00
2.258583419024200456e+00 -3.492367716439667702e-01
1.593982916344027112e+00 1.053648361413899170e+00
-5.487414772266302476e-01 -7.307187373846061318e-01
-2.150332198799668859e+00 1.814212821199564715e-02
1.452352336214782103e+00 -1.650007032978657806e+00
-3.277978672573421126e-01 -8.608343764631983808e-01
1.007003531778684291e+00 5.570819971056759634e-01
-1.099770805225024795e+00 -1.274891024775881343e+00
1.434976134108056911e+00 -1.808843707128217071e+00
-1.791120472061730418e+00 -5.156778034291654295e-02
1.943123739209883905e+00 8.937400353463642588e-01
2.842739314247684668e+00 1.619615158183361103e+00
-6.991597357536415425e-01 1.130637642479276117e+00
3.921879347488477219e-01 1.386443528258511249e+00
-5.875832792195081478e-01 7.189145040053233071e-01
-2.395795019865667175e-01 4.848237932259654159e-01
1.095991650030676556e+00 4.718631420859513703e-01
1.305901980117124328e+00 9.497582469164536079e-01
9.311111101621273589e-02 2.765410673594168589e-01
-1.960847979883969305e+00 -4.602157796562081349e-01
1.666923528066212690e+00 1.387119635615107427e+00
-9.014535174962040598e-01 1.270988866381487226e+00
-7.838325332483435659e-01 -2.946051466184372858e-01
-5.545429397340685407e-01 -1.584394264833675514e+00
4.441329166878667939e-02 1.484261729205272329e-01
1.111686897767528048e+00 -2.269712709056051825e+00
1.036368099206695259e+00 -3.139668934601262673e-02
-5.528134714909352931e-01 2.156112151156588386e+00
4.904691173246245595e-01 -2.762914183293262438e-01
1.164607327364732825e+00 2.460255591175858625e-01
3.826470426671289560e-01 2.160352832146802127e-01
7.869616175157423399e-01 -3.307919425016753873e-02
3.727577664495912435e-01 -2.061806274338943812e+00
-6.216934326540390909e-01 -1.791379401566611129e+00
6.364210565110787199e-01 1.218649286645275387e+00
4.623526910485221686e-01 1.840796179300709268e+00
1.089638956348377485e+00 -3.048050302987679316e-01
-8.325067587714869433e-01 -1.481458768409735560e+00
3.595561190642020954e-01 -1.069334902155447686e-01
-1.084755557420809424e+00 -4.034672326966790012e-01
-8.990959884801810187e-01 4.115114591781510733e-01
-8.794907248655929877e-01 1.026420439768445103e+00
-4.256663759534668467e-01 6.221121780574396798e-01
-1.666418381706736840e-01 6.023868719531862981e-01
-1.611025071736392755e+00 -6.335649745495819385e-01
-3.882926115290570301e-01 1.017251415516738505e-01
8.710966128204111758e-01 6.870321163721779811e-01
-1.819859194847559536e-01 -8.720054511285537657e-01
-5.963881487315914054e-02 -1.005684332962855088e+00
6.005861877208368282e-01 -4.207523215113227466e-01
-3.187711186228410765e-01 -3.868048398687201073e-01
-5.760104722819343603e-01 1.176575596342215452e-01
-1.498397578156344112e+00 5.805763775722789788e-01
-5.914087573836778189e-01 -5.456865038837661608e-01
1.849436607867091631e+00 3.634093939795655093e-01
8.855131696050571044e-01 8.483160830142333353e-01
7.840327860485299949e-01 1.162158419433689582e+00
-1.052685636120521018e+00 -1.174119329964998654e-01
-1.211518925701491556e+00 -4.146491931608558001e-01
-5.199044675877383392e-01 4.460892162467293698e-01
7.404129929932058429e-01 -1.128532848785620990e+00
4.027848518060850314e-01 -4.183264624065868159e-02
-1.633921320678684230e+00 -2.416122317055826307e-01
2.322397601095931019e-01 5.484992337149297015e-01
2.322083255093354837e-01 1.722794729429418137e+00
-1.270497889330223229e-01 -1.015275102595811635e-01
6.581369056826545938e-01 1.025249883453644539e+00
-8.475840397433133111e-01 -2.737444558146017393e+00
2.393051049065266500e-01 -9.126962121177607523e-01
-5.985237352450373249e-02 -6.037792082888276957e-01
-2.036131302150135713e+00 5.518535723282704808e-01
1.540101236426400400e+00 -8.230200746441144188e-01
-5.978301817898504789e-01 -7.749058469838887575e-01
1.321971711530144589e+00 -1.544490609577819695e+00
-1.264163643676343041e+00 -7.465694072862050223e-01
2.121435328324402736e+00 -4.997148403452765786e-01
7.825874172555772335e-01 4.692384532010700493e-01
-4.972802893193976614e-01 -1.186829213042718711e+00
2.884168376773205145e-01 -9.860887708766154225e-02
4.714775774254320595e-01 1.716326476427117775e+00
5.744223555885943355e-01 -1.150608541362428294e+00
1.116696829715931871e+00 1.039544907920239680e+00
-1.336841822851508876e-01 -3.018099097289025142e-03
1.394400123753356535e+00 1.228135668226467025e+00
1.017471156989633752e+00 -1.228890803835767542e+00
1.215248140565876378e+00 -1.529171980111954987e+00
1.384581426308564289e+00 -3.647106600620109162e-01
1.435299368864199621e-01 1.226727673426539100e+00
-8.620555284599837886e-01 -2.373567398820234930e-01
-1.081542578611340621e+00 1.049735289779832659e+00
-7.320737959034443465e-01 -6.675983263919903488e-01
-6.310008269101206047e-01 -1.872137365532605457e+00
1.657715031905062864e+00 -1.248812789830451964e+00
-1.174243175050898369e+00 2.467053150109639770e+00
3.151558226374828742e-01 -8.955937843723023040e-01
-4.565840791207617655e-02 1.027635135755668117e+00
2.288377280788020496e+00 -1.400960025685990873e+00
-1.175958382820746939e+00 6.525626695089870033e-01
-6.342250243583370528e-01 -7.959169741860685487e-01
9.875388743664936797e-01 1.233352636284953396e+00
1.984131171380786318e+00 -2.472300915316223147e-01
-1.970208467988589396e+00 2.010275422775382292e+00
-7.269909641840128778e-01 1.402365028725583107e+00
-1.097424540498051215e-01 -7.421590305147961475e-01
2.100920397504992820e+00 2.894246876320348827e-01
-1.847405228389463194e-01 -9.377927180716181255e-01
1.211911377821601743e+00 9.827122915064580022e-01
4.733446876440178808e-01 2.588789680873134769e-01
4.764643649824308325e-01 2.525676760568776325e-01
-1.503134145224592766e-01 1.309794574701230729e+00
5.025005356976249837e-01 -6.035492734649657853e-01
-1.153212003755937909e+00 -1.088820486868371074e+00
1.744893882784912253e-01 -7.910198047036873792e-01
1.502635715258667570e+00 4.352969470259511198e-01
-2.895271181493178081e-01 1.552782289624266010e-01
1.399164655650540767e-01 -1.110156684330365906e-01
7.571582900302967767e-01 1.247181938726572570e+00
1.315366695673694464e+00 4.274088430032162433e-01
-4.931319989539829640e-01 3.277056727440230688e-01
7.552174441712580233e-01 6.580371659134162665e-02
-6.607686316218966960e-01 -2.288705535944112412e+00
-4.592962665251159593e-01 -1.259349113178062918e-01
-3.103226802418640462e-01 -1.488399371587873832e+00
-9.594200619966015697e-01 8.105843746299284946e-01
9.089768587532527366e-01 9.314473013077358976e-01
-1.549332877503493799e+00 -1.429144007950047035e+00
-1.860573580213882305e+00 1.781076856727105140e-01
-3.144015592196431896e-01 -6.949398808162256594e-03
-4.148540907783365150e-01 -1.346983892938954153e+00
1.422783423415246551e+00 4.490293807016154659e+00
6.535138226773427483e+00 3.634141632539802380e+00
3.633649103781455558e+00 3.561631337063913882e+00
2.331087944839906445e+00 3.974212322934116859e+00
5.210365545062370707e+00 2.096435088381923606e+00
-1.014563306937717790e+00 -1.353614480283199306e+00
3.982294547605686574e+00 5.187692694930197135e-01
8.318366776575847332e-01 3.567416138081380694e+00
4.585348011468493468e+00 3.202962403726081320e+00
4.243056159225639057e+00 4.362239259901179445e+00
3.929346977642187877e+00 7.640619218810598134e+00
6.353061898138173902e+00 2.399039630200438644e+00
2.819165672698261904e+00 2.798614055539720535e+00
-7.730160262355005862e-01 7.033861276486086389e-01
3.768887840343582596e+00 3.179935545304852784e+00
4.268043488585512968e+00 5.857216382104772912e-01
5.130861735736351292e+00 5.562343199339249367e+00
2.508086466503615775e+00 5.110122685497133332e+00
1.999744920509813229e+00 2.417672055504758610e+00
2.106118496698833553e+00 3.595544014737091398e+00
-6.648815285242251072e-01 2.886002474887856106e+00
4.402185409498049928e+00 -5.437936690042333154e-02
3.388005549349445200e+00 -6.846730164037273525e-02
3.579074781932198857e+00 7.314579231791901393e+00
-3.310087741003164830e-01 3.480272847197952490e+00
2.552992466632793001e+00 4.117631526567370415e+00
6.557806011469605068e+00 8.375028580782515775e+00
7.671080746180122922e+00 5.646164397204753271e+00
1.098065309382497690e+00 2.522004138930455053e+00
6.559223119711679040e-01 4.147682316737967056e+00
3.707500100945141597e+00 1.556691789644907287e+00
1.305261586886282688e+00 1.080167465767273516e+00
-1.125140336066464464e+00 8.071970890184418934e+00
2.186139457395439578e+00 4.235340904405560103e+00
3.698982718003622772e-01 1.747767903941888745e+00
4.574601251620320497e-01 3.961608920600345307e+00
6.271535513976217224e+00 2.361882319803979779e+00
1.131809760384834496e+00 3.518397762722663025e+00
4.221696725911046499e+00 1.697395388170280572e+00
5.623914553894754143e+00 5.143146119243677816e-01
3.683569619999464528e+00 1.266583857530746648e+00
7.450221890680809977e+00 2.746554720058839383e+00
3.713245453711792265e+00 1.304598595543517980e+00
3.544549824756436429e+00 5.870777994402029520e+00
1.697047269415032478e+00 1.629884978749926105e+00
3.871567072786528563e+00 3.793642458363487791e+00
1.626050151730855653e+00 3.026576868301845469e+00
5.981726421385413772e-01 6.412725523913490377e+00
2.674069775358297374e+00 2.312452988526795039e+00
6.357684929578877764e+00 3.048464110006837036e+00
5.958560293069291802e+00 3.676991447369385213e+00
5.385482669646400211e+00 4.100113251172527562e+00
9.019556276627502811e-01 1.445574486753318455e+00
2.596133675029545618e+00 7.061071805859704398e+00
1.408785089729831963e+00 3.127353020009548956e+00
3.419418683044107787e+00 5.638313791059598401e+00
1.391515505774573391e+00 2.726220443571452101e+00
2.801248377905159792e+00 1.161682823445055135e+00
1.839970289717643315e+00 1.239248556174019633e+00
2.434947199703502374e+00 1.278789791280317889e+00
1.496590144934712541e+00 3.613966811743686058e+00
2.502803327887763274e+00 1.614611050362152467e+00
2.807485390555688465e+00 2.010663056731708309e+00
5.960235780716331533e+00 1.397291948834638475e+00
1.235994875747737920e+00 4.354754202835107613e+00
2.038190568446438089e+00 4.553211324448769304e-02
4.580852512755885009e+00 7.037186670755139595e+00
2.819574705615338850e+00 1.676138526964339626e+00
2.200900283532142510e+00 6.726395728408181895e+00
2.626562779034143702e+00 2.511320125175835472e-01
7.137565175581046084e+00 5.880603331948050183e+00
6.377272674691203846e+00 4.982952604838398969e+00
6.493721443091615697e-02 1.851755283435565502e-01
3.922554928451540412e+00 1.351527786929529018e+00
2.463252780935478725e-01 2.699603103321129627e+00
3.858835656537596304e+00 6.410108773054608022e-01
3.581584061261380292e+00 9.597777069478441447e-01
2.585790776680790160e+00 2.377043910919108605e+00
3.232334384122848459e+00 9.783495674691327082e-01
1.756303108452344608e+00 4.425899986686692600e+00
3.301000556280668796e+00 2.719544213801833088e+00
2.267074820209129093e+00 1.261350375930284651e+00
5.838141819720177317e-01 3.425396643674524899e+00
4.101638136837320481e+00 2.564984647347928970e+00
-2.576274262919588942e-01 1.974407188842648653e+00
7.175365734389123062e-01 3.591413372018696482e+00
3.224078874189317823e+00 1.071959944562785205e+00
6.349229538297662678e-01 4.084940242203748184e+00
4.494106707809697454e+00 3.699916652566991981e+00
3.656131863369778134e+00 1.324192999627771261e+00
2.232357696704064143e+00 -1.035261898378143641e+00
5.234864343046684354e+00 -6.898272829181948396e-01
3.873732114911875968e+00 3.300327395040067557e+00
3.805564356549631100e+00 3.065883663114258528e+00
6.891248870638532864e+00 -8.409352236883846921e-01
5.782723587567319967e+00 6.652401137790040941e+00
-2.410458738898952902e-01 7.792163992531210504e+00
4.607969824942819592e+00 3.176070436753714255e+00
5.789375259270734375e+00 2.737759512457322852e+00
-3.037485175939517390e+00 1.807639931662302857e+00
4.130622882756686209e+00 1.642876715964809886e+00
6.224039474079761547e+00 2.915041275556244482e+00
3.328007911126414253e+00 5.622494049668902427e-01
3.458610180065986750e+00 5.461320515030394063e+00
-9.236660260824240964e-01 2.825928443047973637e+00
9.627156290822886930e-01 2.292154766630279727e+00
3.950484744135676962e+00 1.763586125939459626e+00
3.760871959527598563e+00 3.213718793502637894e-01
3.193341043325687689e+00 2.253051634168590667e+00
2.827963455750727828e+00 1.686005048373514725e+00
3.037240370632303677e+00 1.941556816246262418e+00
2.350605680588675028e+00 6.273749502569306635e+00
3.327317950542953096e+00 1.747026391376711674e+00
4.177929092877709749e+00 1.493595188382433436e+00
-1.926204161897029365e+00 5.950150848296341444e+00
5.628051429942430239e+00 4.914164943203624958e+00
1.256433167203664603e+00 4.901297672905116976e+00
9.664455990170006672e-01 3.208562572270719393e+00
2.643865397094056213e+00 3.790602251012356483e+00
2.375348446295363125e+00 5.865645350697859861e+00
4.318109087252933520e+00 1.148861348956853989e+00
5.330413245537597433e-01 2.353284692370576359e+00
4.194539548013210606e+00 2.940826238326915920e+00
2.184087416002804538e+00 3.008391278849309458e+00
3.130816724853569433e+00 9.918830720542448631e-02
3.284319975358429566e+00 4.517758999483540983e+00
2.973909610466081155e+00 3.880166188708474628e+00
2.382724099804574447e+00 3.486889540887671668e+00
4.967517593788388197e+00 2.582763201770319039e+00
1.116005779556007216e+00 3.163270504058884214e+00
3.712303884753507255e-01 6.321766104236371753e+00
-2.243231779556889016e-01 7.791625565819687793e+00
4.809750491309361387e+00 3.829421447202824069e+00
2.920312386806334537e+00 3.297246664018837592e+00
1.575698338014861477e-01 4.813244899968353252e+00
2.534888869502191611e+00 1.082389225062090343e+00
2.361961788935552420e+00 4.706768261603135883e+00
5.261021239577424069e+00 4.127133349268735429e+00
-7.131479877332971284e-01 4.861124789994725859e+00
3.227417276421838732e+00 5.135212001105761814e+00
4.353823581808557108e+00 5.899402293389615082e+00
3.428739679795609341e+00 1.827427069329360831e+00
5.950494890110716639e+00 -2.330928830291209231e+00
2.851829691937942890e+00 1.979858731773404878e+00
1.024321846560840577e-01 4.998667361819840060e+00
3.321680242962411711e+00 6.345495731630394154e+00
5.015829799543912060e+00 3.626440097502452886e+00
-8.410270820346528176e-01 4.290491232756872719e+00
-8.257533711072664317e-01 3.582440937211037735e+00
4.282785156682043848e+00 2.939408173740800656e+00
2.941881883487631910e+00 1.792236020896254001e+00
2.209649721017155954e+00 2.182913786461091465e+00
5.730274532393851317e+00 4.359062069389548100e+00
1.860751722306861256e+00 2.039620939580072623e+00
1.078465732039044500e+00 -2.091859521504093600e-01
1.208234651884411814e+00 2.418011831293039648e+00
1.633470876513391845e+00 1.418893950555057959e+00
1.504489615569756245e+00 4.485271908303761990e+00
-4.038065418730290013e-01 5.425065340597847729e-01
6.261123923072982933e+00 4.812096988950981924e+00
1.868926555794924171e+00 2.955666594002609227e+00
1.850511967168597671e-01 6.080119595451297876e+00
4.977612044390910206e+00 2.972058266367947343e+00
6.657839872037719431e+00 1.971834292957940882e+00
2.247264997497262051e+00 5.459395624575654082e+00
4.800492830603899641e-01 3.895120787888335379e+00
3.895572704516025997e+00 7.796149893317192436e-01
6.163451936451355806e+00 3.869470657557948279e+00
5.831269159663301949e+00 1.221044558037686745e+00
2.189109347793250837e+00 1.680896993257870786e+00
1.644140333039897373e+00 3.634625396874033409e+00
4.806693453943181815e+00 2.130360174601154011e+00
6.468800081812046798e+00 -3.524815385753581332e-01
5.213103011674987464e+00 2.614844867167100073e+00
8.589435158680376325e-01 2.487999262259297684e+00
5.097746101065864011e+00 -4.913769213062124663e-02
6.250919528137298897e+00 2.044705631948832369e+00
1.670369503330941363e+00 2.967442349630517562e+00
1.000357716543668118e+00 4.384044723874987781e+00
5.637950199557613118e-01 4.291613086420076328e+00
-8.158690228318832283e-02 3.098309441565191058e+00
2.672843241924150792e+00 8.831580141798600181e+00
5.004071516889721849e+00 1.772895431582839132e+00
3.793369342749238982e+00 1.119593959952550399e+00
1.444177535682706903e-01 2.240924675089870810e+00
1.987596478906845654e+00 3.657848314984419424e+00
3.843504854939490123e+00 4.653762193311901996e+00
8.073857650082402415e+00 5.087145155529868568e+00
2.231050109886720811e+00 5.523945734763394455e+00
-1.128713324914671468e+00 1.458763350985746499e+00
2.452363593430978650e+00 3.322118771680846017e+00
6.268453034432424964e+00 -5.693879713479343962e-03
3.919247151574599020e+00 2.282656721728598903e+00
3.551693233370502689e+00 4.147857708483954298e+00
2.582505339707775516e+00 5.507653619564350400e+00
3.084329925831300390e+00 2.394969881517197141e+00
3.537669282069442644e+00 4.616663199224033676e+00
5.979651354727239188e+00 1.802147816174903383e+00
2.788639365866334874e+00 -6.524128757190599259e-01
1.688717058686069805e+00 4.104998097582563510e+00
3.132482109897457789e+00 2.802193389702602566e+00
-7.501179475380150841e-01 4.821002681397104084e+00
3.678896606050733986e+00 1.006531132235446213e+00
5.662602823918742700e+00 4.761746298148742618e+00
2.524508086503422621e+00 5.986070706303666888e+00
1.751070234017419347e+00 3.107466778373115801e+00
5.417733683554381230e+00 2.761174919758182078e+00
5.185063541135342291e+00 6.160282367653220348e-01
2.404883538872293336e+00 3.281769909531555118e+00
2.791254622774096195e+00 5.645335972131203306e+00
2.584619380762559704e+00 2.178052504159432523e+00
7.068324959735221569e-01 3.393807106184422828e+00
3.435108876594857641e+00 2.464651131794274086e+00
3.686975531457537425e+00 5.098128251472862971e+00
2.723878885972485620e+00 1.456512878837049163e+00
-6.350846032201973301e-02 1.200121392405144150e+00
1.015310007170474149e+00 3.004432056004065377e+00
1.972375624641649949e+00 6.749422999183353866e+00
3.134490509801206581e+00 4.522653036516762093e+00
2.451301357318502294e+00 1.037334430651957184e-01
2.449235491215950855e+00 4.537014591468331304e+00
4.013716994264656890e+00 4.045326484568283476e+00
3.460151710746993015e+00 3.233887320571578794e+00
9.159358264098451663e-01 6.910695116582463271e+00
2.282094883366087679e+00 2.199065138980753620e+00
2.280476662123862575e+00 7.237655791104101510e+00
2.960279921914398482e+00 4.432322415089487322e+00
1.753039107613891590e+00 1.401998509113306701e+00
3.520319084198118897e+00 3.797216714997923237e+00
3.098784892203493957e+00 4.239725777140209928e+00
3.205362225824441413e+00 3.219760381262177340e+00
1.683295445812641011e+00 3.403930523919370899e+00
4.146170925838357668e+00 1.233699283602722074e+00
5.170473958190230590e+00 3.559690297244853419e+00
1.114395800279552873e+00 7.630263831159136423e-01
3.740734227544309842e+00 -1.872236394164623619e-01
2.325150224606339577e+00 4.374651092052651791e+00
1.008894266500113268e+00 4.682487686456790144e+00
6.792369521758945261e-01 5.343325733771771446e+00
-1.039958082396186256e-01 5.328134463782363994e+00
-1.567422871891246849e+00 6.946472843095437000e-01
4.204438606599981476e+00 4.329254127481599213e+00
4.566366641586658837e-01 1.449736088487935781e+00
3.190563012975375923e+00 -2.367758726687156923e-01
1.281901611000454189e+00 1.694465317074337785e+00
-1.358345943216100693e+00 1.956028292763270837e+00
2.833894550731800521e+00 4.619736815063562929e+00
1.916858550281703044e+00 -1.391750504320495629e+00
1.762501876695118375e+00 3.338150602346047435e+00
2.887569009999803260e+00 1.790858964004569565e+00
3.867858259193643011e+00 3.968225121496678831e+00
1.753635278689829047e+00 6.196255807401063187e-01
3.553183453331512975e+00 1.347817757750800149e+00
3.010824998353609505e+00 -1.802903532262973840e-01
4.378695997853331079e+00 3.507189331583211889e+00
4.292745847224542999e+00 7.389402418586064059e-01
2.492475020209146130e-01 2.250789763233414398e+00
3.130771014756938531e+00 2.704436974983250863e+00
2.251323480318966119e+00 9.682413351999472617e-01
5.533114163726033041e+00 2.962185627800740573e+00
3.678235516819452933e+00 1.285640165556775738e+00
1.239765932726824449e+00 1.737893801215785849e+00
7.181910076304927060e-01 6.776049539986117587e+00
5.632091758264778036e+00 6.871349314465517999e-01
7.024623117348959056e+00 7.877500604820757424e-01
5.593612409484467918e+00 3.107052005847831033e+00
3.020816141151329681e+00 3.366069793171236668e+00
2.046693785246465946e+00 4.638543813521940784e+00
-6.889722193519220994e-02 3.580114503733564213e+00
7.176998767226860920e-02 9.079166462267851401e-01
1.874029679334436205e+00 2.098784929515352005e+00
1.159502600964661401e+00 3.269053711515971461e+00
2.210059532075460798e+00 3.639289672937104925e-01
3.339660481950126325e+00 3.805340092956916109e+00
2.625074102351201866e+00 1.760305954982142040e+00
4.459906242098568008e+00 9.763042875423368905e-01
3.826905941539905154e+00 5.497499666306394417e+00
5.531777030458451705e+00 2.710453652449144712e+00
2.585513656419831996e+00 1.646241057774169958e+00
1.810864954356363521e+00 2.653292579741931334e+00
4.298903507868439888e+00 4.679658155679684128e+00
2.923406296133039817e+00 1.850639754852276830e+00
4.538605919896520291e+00 3.852503155786115574e+00
4.250823228149794630e+00 2.774809235579502875e+00
6.130097444349692282e+00 6.999591054859481964e-01
-1.872186712686425558e+00 1.687490780912546118e+00
4.189129119508852916e+00 1.384168772178658413e+00
3.849132408161501928e+00 3.913357368019778182e+00
3.565218879972317012e+00 3.626240473200264880e+00
1.878537701036896657e+00 3.776543616357995070e+00
1.395991360065291120e+00 1.953088261852193863e+00
2.521662211033112833e+00 3.206457778771867329e+00
1.427874811656442366e+00 5.207955954820681299e+00
6.328587737471158547e+00 1.165054735062028834e+00
2.031179442475981922e+00 2.270024892795076354e+00
2.015061677355120651e+00 5.910555482631123070e+00
-1.214757142169273330e+00 3.296132156011190251e+00
1.292471440627916079e+00 1.358403940432491019e-01
3.880222932291646831e+00 2.612994469733018743e+00
3.448868497633828856e+00 5.591890597927895001e+00
4.103513139537674270e+00 1.827161967363288841e+00
3.367856043001356436e+00 3.349747720246378790e+00
5.045822090449584074e+00 1.228414178615046204e+00
5.437287446876220898e+00 1.569315890490103227e+00
2.092146287013119554e+00 1.925012192271456701e+00
1.986351636456146430e+00 2.820678167250993518e+00
2.629413825798525117e+00 1.197412425666042113e+00
6.574680004873355799e+00 2.021713133875935320e+00
2.441279913356654063e+00 2.713152094911672751e+00
3.559446984291579241e+00 -6.778923929048943364e-01
4.124737660508328574e+00 2.682347031120607461e+00
7.703335013100931938e+00 1.819495099409451644e+00
5.107786703723405708e+00 4.349539209839758058e+00
3.458803175805316599e+00 6.977356522663799687e+00
3.314769863091307833e+00 2.198184360220934330e+00
5.620584353237100927e+00 2.512600001612911971e+00
3.920925685543384276e+00 5.354783366322841687e+00
2.713550315219441789e+00 4.952692726248567823e+00
-5.885747099819838013e-01 5.528392983867492561e+00
3.434232489282114997e+00 1.854883116432004098e+00
1.992734091632695659e+00 -6.419318677014711483e-01
4.188865404148333305e+00 3.977657750042117080e+00
8.735080400406648238e+00 3.270898374537052788e+00
1.388415079256445805e+00 3.591914005078958194e+00
3.158810089126033560e+00 2.882646687597796742e+00
3.798686967592267649e+00 2.730469232487630293e+00
5.393330364691375500e-01 -2.100199822849604381e+00
6.485916528081459020e-02 1.253968277666638764e+00
1.868779036557320916e+00 2.474371031949984534e-01
3.326097459142622892e+00 1.465244566231546086e+00
4.464129422589868668e-01 1.185013566216802205e+00
2.932988889654005060e+00 2.714323961715403577e+00
2.721253331665888453e+00 -1.575378972852766069e+00
4.650892488160634386e+00 1.830055268442480898e+00
2.147071937180133006e+00 5.494153821253323855e+00
1.280541769876962999e+00 4.577652230441206171e+00
4.791151023203536141e+00 4.339495099790656951e+00
6.751855849282808464e-01 3.826307780900450872e+00
-6.476770874237987030e-01 -5.237846162055115329e-01
6.835162294801113703e+00 5.034162833800372994e+00
1.605168905766447551e+00 4.152552094377005787e+00
3.131944103025339654e+00 7.001525188751241302e+00
2.222682531629783576e+00 3.948048321246373504e+00
5.023973510833221745e+00 1.721285183523083129e+00
1.869740742542892908e+00 4.910718918251594900e+00
5.079389675775054513e+00 5.850573865296296638e+00
2.650564098983567707e+00 3.888308447140965018e+00
3.078849647038777615e+00 5.788566201054035076e+00
9.024128216032938354e-01 2.266827183021177472e+00
3.236638813139407489e+00 4.843373841679249558e+00
9.030545801615672552e-01 4.536780743681934958e+00
1.753718545250078087e+00 5.867891137101217680e+00
7.939364306275735750e+00 3.056212684463905482e+00
6.442177288386059075e+00 3.049115083140202298e+00
-5.895429293983243113e-01 3.436837879978377419e+00
-1.286568290985874441e-01 3.144995928729981571e+00
3.265316799486189581e+00 5.331393081859404859e+00
1.133165978072039337e-01 4.471804332118531455e+00
4.539094712130948395e+00 3.051641081885262619e+00
2.110206636472898190e+00 3.244288175169360855e+00
2.459221273498219951e-01 2.940328261679749033e+00
2.964681581681272604e+00 1.896391120233192007e+00
6.378215348365165127e+00 5.732873610276750576e+00
2.060588408414832262e+00 5.098490671585470757e+00
1.971260056090825774e+00 5.729314422491753156e+00
6.755837114172732250e+00 2.162794957764480053e+00
1.929063644243272702e+00 5.415100183533960276e+00
3.444720795036043892e+00 3.980902950679115815e+00
-2.875962224529541977e+00 2.560269188104436378e+00
3.764118730413328784e+00 1.539598812820524021e+00
6.111749935133897083e+00 7.328638137396198182e+00
6.321303936991713002e+00 4.603043036153226630e+00
-3.027483608437413487e-01 4.768368326638174892e+00
5.676343842225092473e+00 3.703560688765201281e+00
1.790201089013768954e+00 8.045360459100159289e-01
1.454502586694342181e+00 3.150027243841693636e+00
1.498427932587703459e+00 2.156239776909128825e+00
3.285805589538275395e+00 7.458606670925469473e+00
3.354459455212433827e+00 3.558905680199612398e+00
4.462166489022981963e+00 3.670779062575837859e+00
6.527823165670993966e+00 2.112800159009221357e+00
6.611966888403156162e+00 1.965355325331094916e+00
4.915684406461035216e+00 2.480102306318515915e+00
5.224187609367788809e+00 3.703435377339986179e+00
2.886269575987262304e+00 2.037986763880242691e+00
8.694590349243789262e-01 1.275613309210332114e+00
2.302053030167101166e+00 2.824239381465784238e+00
4.137514681592675103e+00 3.586223819246617595e+00
1.634376220510912248e+00 -8.614623510822503327e-01
4.510508451996797952e+00 6.239989772620459618e+00
5.001556813795175138e+00 3.116356884037626784e+00
4.651491948111779351e+00 5.780854525875623651e+00
-3.997739058608087426e-01 5.542718749233479514e+00
4.829855947511906500e+00 2.525952427521822585e+00
3.807227863404544443e+00 4.517330823622950575e+00
4.802204056302397106e+00 2.341158025387798602e+00
2.858210165830966432e+00 4.622550265403471137e+00
3.232144248005090592e+00 2.493392397489523127e+00
3.259952016053310864e+00 6.792101357872676104e+00
3.817663557965671028e+00 4.048394118497464333e+00
3.953286400372888032e+00 5.462053847228284909e+00
4.661376060180252523e+00 1.535819540207090439e+00
4.421142017618707065e+00 6.303609705381184369e+00
3.828411755991833587e+00 2.145742905550094282e+00
3.369275128672442943e+00 2.406549381602600679e+00
3.637938159725225162e+00 3.409072203552918623e-01
6.731444776118277851e+00 2.236124385465434905e+00
1.880612296133585604e+00 2.702890096588901780e+00
9.419798830471384221e-01 -2.967604835161630206e-02
4.106084035721875303e+00 5.790139544634863356e+00
3.197221747319001217e+00 1.941846290789079443e+00
6.432922742228875279e+00 1.309263955005625535e+00
-4.335749134938016169e-01 3.376303414176414552e+00
1.858625333977526495e+00 3.415640565111735860e+00
9.207966785598227233e-01 1.814640248008555945e+00
1.537621923556643955e+00 5.147449574573522924e+00
3.023497019634088456e+00 -9.954514108886685086e-01
3.975223676930577099e+00 1.722436585781871532e+00
2.535606492852446880e+00 2.226451658769197373e+00
-4.421215382552023954e-01 1.993269673638730533e+00
1.474837347220784967e+00 2.194814902465799467e+00
2.836638562108787731e+00 5.153819584825312106e+00
3.028342067310840324e+00 -1.940749653100117378e+00
-7.764044941611372153e-01 5.593790496840773230e+00
5.565737476016272112e+00 4.082750303044905493e+00
8.985593041295700800e+00 3.416727745978963782e+00
1.433376264697313607e+00 3.551995562434215437e+00
2.209742666310420933e+00 1.611496901297944095e+00
4.250100465944194994e+00 1.348278081129070216e+00
7.430853304560569583e-01 5.138041812998033642e+00
-1.705238543907352522e-01 2.523243174173048331e+00
1.822475950307321790e+00 7.149852378141284603e+00
3.886823585264489012e+00 3.296319916549232953e+00
2.542232496215854898e+00 3.246355872144821131e+00
-2.587798935135312561e+00 3.426525515966033275e+00
1.334351961914602480e+00 4.789864645123324216e+00
4.255611845509044144e+00 3.293506541878087113e+00
4.609031878277988881e+00 2.803209022946596018e+00
1.427476107245554626e+00 -2.987502490490694385e-01
3.433920038801490104e+00 3.078957916670758355e+00
2.535843775940124445e+00 -1.218092230589276070e+00
5.543813724644501839e+00 3.353943701276965061e+00
4.097716883806947763e+00 6.566186187650262518e-01
1.863470084374578395e+00 3.593680237062396809e+00
3.729246898816920286e+00 4.677206719614352970e+00
2.378103125362747150e-01 2.333556051747551763e+00
3.167985164680457988e+00 3.272463247853398371e+00
2.606194008854074706e+00 3.300280212699618687e+00
4.172854450615105293e+00 4.482353245346327064e+00
2.936975178844961398e+00 7.656664433035860640e+00
1.843676397824231428e+00 1.430380086004281681e+00
3.637634106737309025e+00 3.577572309837292241e+00
1.889949600837235177e+00 2.162240832164551652e+00
2.511049765336916373e+00 6.856857407572558571e-01
-2.053929693819971369e+00 1.239783576866095638e+00
2.908015715670790424e+00 4.736583519758985616e+00
-2.085828672402186612e+00 4.695440206768953573e+00
2.811406713331722873e+00 2.062287663712394803e+00
3.368006476853726561e+00 2.576255103179819983e+00
6.517133762669123698e+00 6.271478676219439663e-01
3.927678102959587747e+00 1.839311292131745157e+00
-1.409830483180734007e-01 1.133432243956041141e+00
3.013055679524545116e+00 3.972611311003557244e+00
2.363080842738582099e+00 5.840971486833888449e+00
-2.015588011354418896e+00 3.320877973797462079e+00
3.550779610140779585e+00 3.187222994599281378e-01
-3.822079484398273053e-01 5.876289799683561910e+00
1.586639972354119354e+00 1.553664137662048139e+00
3.246598810605217711e+00 2.814810614092131846e+00
5.141132952487692975e+00 6.832802184546813429e-01
3.540625571387491011e+00 5.471551133877969875e+00
2.904606999959038927e+00 1.276128264215038666e+00
2.798888359503063583e+00 3.168413036866332355e+00
2.132130941736333440e+00 1.578899456501971832e+00
2.056653531660549206e+00 6.227475803743887539e+00
-1.835411414705834687e+00 4.324516469659597462e+00
6.091789781588419217e+00 4.464226549161165458e-01
4.165100457643966081e+00 2.333659674177221088e+00
6.655697267714542065e+00 2.531846450900623324e+00
6.018333366695705067e-01 2.763180871484390178e+00
3.309476028810458548e+00 5.296570715467211699e+00
-1.628138070450501296e+00 5.836522163222097603e+00
-1.051884908296019105e+00 3.767100401776825702e+00
3.976730612122578723e+00 3.669525677560005139e+00
8.436080730765813662e-01 1.505307038010501364e+00
5.029304970684358445e+00 3.527949299519669957e+00
1.802136253952730138e+00 5.800685192590983696e+00
4.040382233076369012e+00 2.629149937820656646e+00
6.720690556884388656e+00 2.761378365230666265e+00
5.620923939246910805e+00 3.584790716434708813e+00
1.286179034044137026e-01 -1.317748663792723818e-01
3.713468473908044132e+00 9.495727608215753790e-02
5.369652896916826457e+00 3.873211544463943667e+00
4.022867044661968094e+00 -9.317135834187495469e-01
4.204471433730448737e+00 4.744952261930788673e+00
-5.496550054804227869e-02 1.866396722692618138e+00
6.503559756990432206e+00 2.226550662280696091e+00
5.334276467640203023e+00 7.085423476786859354e+00
6.084233144695128104e+00 9.416610667793809952e-01
3.195026571949375338e+00 6.969709456019071325e+00
